p:229 233 232 235
p:226 230 229 233
p:223 228 226 230
p:220 226 223 228
p:217 224 220 226
p:213 222 217 224
p:210 218 213 222
p:208 216 210 218
p:204 213 208 216
p:201 210 204 213
p:198 207 201 210
p:194 205 198 207
p:191 201 194 205
p:189 198 191 201
p:185 194 189 198
p:183 192 185 194
p:179 189 183 192
p:177 185 179 189
p:175 182 177 185
p:172 180 175 182
p:168 176 172 180
p:166 174 168 176
p:163 171 166 174
p:160 169 163 171
p:158 165 160 169
p:156 163 158 165
p:154 161 156 163
p:152 159 154 161
p:150 157 152 159
p:148 155 150 157
p:145 152 148 155
p:144 150 145 152
p:143 148 144 150
p:142 146 143 148
p:141 144 142 146
p:140 142 141 144
p:139 141 140 142
p:139 140 139 141
p:139 139 139 140
p:139 138 139 139
p:139 137 139 138
p:139 136 139 137
p:139 135 139 136
p:140 135 139 135
p:141 134 140 135
p:142 133 141 134
p:143 133 142 133
p:144 132 143 133
p:146 131 144 132
p:148 131 146 131
p:150 131 148 131
p:152 131 150 131
p:155 131 152 131
p:157 130 155 131
p:160 130 157 130
p:164 130 160 130
p:167 130 164 130
p:170 130 167 130
p:173 130 170 130
p:177 130 173 130
p:180 130 177 130
p:183 130 180 130
p:186 130 183 130
p:189 130 186 130
p:193 131 189 130
p:196 132 193 131
p:199 133 196 132
p:203 134 199 133
p:206 136 203 134
p:209 137 206 136
p:212 138 209 137
p:215 139 212 138
p:217 140 215 139
p:219 141 217 140
p:221 142 219 141
p:223 143 221 142
p:225 145 223 143
p:226 146 225 145
p:227 147 226 146
p:228 149 227 147
p:229 150 228 149
p:230 152 229 150
p:230 154 230 152
p:230 156 230 154
p:230 157 230 156
p:230 159 230 157
p:230 161 230 159
p:230 163 230 161
p:230 164 230 163
p:230 166 230 164
p:230 168 230 166
p:230 170 230 168
p:229 172 230 170
p:228 174 229 172
p:227 177 228 174
p:226 179 227 177
p:225 181 226 179
p:224 183 225 181
p:223 185 224 183
p:221 187 223 185
p:220 189 221 187
p:218 191 220 189
p:217 193 218 191
p:216 195 217 193
p:215 197 216 195
p:214 199 215 197
p:213 201 214 199
p:212 203 213 201
p:210 205 212 203
p:209 207 210 205
p:208 209 209 207
p:208 210 208 209
p:208 211 208 210
p:208 212 208 211
p:208 214 208 212
p:208 215 208 214
p:208 216 208 215
p:208 217 208 216
p:208 218 208 217
p:209 219 208 218
p:210 220 209 219
p:211 221 210 220
p:212 222 211 221
p:214 222 212 222
p:216 223 214 222
p:218 225 216 223
p:220 226 218 225
p:222 227 220 226
p:224 227 222 227
p:226 227 224 227
p:229 228 226 227
p:232 228 229 228
p:235 228 232 228
p:239 228 235 228
p:242 228 239 228
p:245 229 242 228
p:250 229 245 229
p:254 229 250 229
p:258 229 254 229
p:263 229 258 229
p:267 229 263 229
p:272 229 267 229
p:276 229 272 229
p:281 229 276 229
p:285 229 281 229
p:290 229 285 229
p:294 229 290 229
p:298 229 294 229
p:302 229 298 229
p:305 229 302 229
p:310 230 305 229
p:313 230 310 230
p:316 230 313 230
p:319 230 316 230
p:323 231 319 230
p:326 231 323 231
p:329 231 326 231
p:331 231 329 231
p:333 231 331 231
p:335 232 333 231
p:337 232 335 232
p:338 232 337 232
p:339 232 338 232
p:340 232 339 232
p:340 233 340 232
p:340 234 340 233
p:340 235 340 234
p:339 236 340 235
p:338 237 339 236
p:337 237 338 237
p:336 238 337 237
p:334 239 336 238
p:332 239 334 239
p:332 240 332 239
p:330 241 332 240
p:329 242 330 241
p:327 243 329 242
p:326 243 327 243
p:324 244 326 243
p:323 245 324 244
p:322 246 323 245
p:321 247 322 246
p:320 248 321 247
p:319 249 320 248
p:319 250 319 249
p:319 251 319 250
p:319 252 319 251
p:319 253 319 252
p:320 253 319 253
p:321 254 320 253
p:322 255 321 254
p:323 255 322 255
p:325 255 323 255
p:327 255 325 255
p:329 255 327 255
p:331 255 329 255
p:333 257 331 255
p:335 257 333 257
p:337 257 335 257
p:339 257 337 257
p:341 257 339 257
p:343 257 341 257
p:345 257 343 257
p:346 257 345 257
p:350 257 346 257
p:352 257 350 257
p:354 258 352 257
p:356 258 354 258
p:357 258 356 258
p:359 258 357 258
p:361 258 359 258
p:363 258 361 258
p:365 258 363 258
p:367 258 365 258
p:368 258 367 258
p:370 258 368 258
p:371 258 370 258
p:372 258 371 258
p:372 259 372 258
p:372 260 372 259
p:372 261 372 260
p:372 262 372 261
p:372 263 372 262
p:371 264 372 263
p:370 264 371 264
p:369 264 370 264
p:367 265 369 264
p:365 266 367 265
p:364 267 365 266
p:363 268 364 267
p:361 269 363 268
p:361 270 361 269
p:359 271 361 270
p:358 272 359 271
p:356 273 358 272
p:355 273 356 273
p:354 274 355 273
p:353 275 354 274
p:353 276 353 275
p:352 277 353 276
p:351 278 352 277
p:350 279 351 278
p:349 279 350 279
p:349 280 349 279
p:349 281 349 280
p:349 282 349 281
p:349 283 349 282
p:349 284 349 283
p:350 285 349 284
p:351 285 350 285
p:352 285 351 285
p:353 285 352 285
p:354 285 353 285
p:355 285 354 285
p:356 285 355 285
p:357 285 356 285
p:358 285 357 285
p:359 285 358 285
p:360 285 359 285
p:362 285 360 285
p:363 285 362 285
p:364 285 363 285
p:365 285 364 285
p:366 285 365 285
p:367 285 366 285
p:368 285 367 285
p:369 285 368 285
p:370 285 369 285
